3211210
8601113
3212000
6334432
8276325
2111011
4110131
6324331
5243100
4120200
8621266
7461244
6142540
9112183
3202100
4121211
6303533
2101011
9281873
6243513
3200221
8246226
7346231
9182310
4330200
7115502
7201514
5133321
8352507
5144133
2101101
7403554
2100000
3221100
4223212
9214026
2100001
3200020
4113100
7623433
7133214
3111100
2110110
3102121
3110102
9141144
4213102
3112001
6225513
7105111
3101110
8417252
6503320
8712126
2111010
3212002
6512510
3222122
8453237
3211220
5103012
8360430
7341456
2111000
9121845
8526134
4130030
8252303
5344210
9226445
9184682
7234003
8633331
2100101
8541625
9133487
7325155
4101010
9111614
7142501
3210221
2101111
7600106
4322011
6435515
2101001
7443162
8272675
3122010
3102010
9125873
8330101
5130222
9286121
3211000
6525523
2111100
7624161
3102021
5224124
8434322
4330313
4323100
8417020
8673762
9141885
3120212
3220012
8413400
9103358
2111011
2111111
6322502
2101100
6305505
8550437
3100221
3221122
6353220
2101101
4231100
7523233
4333211
5210024
7435131
8127044
7254333
4331030
5221432
7315020
8203331
7322163
4212120
3210010
4130133
9168221
7551122
7262514
3110102
8234020
9150278
9181536
7231164
2101100
6245322
8261057
8545127
5333222
3112011
6152441
6432105
8603457
8662326
6352402
7202103
8506700
4133230
7335563
3211121
5300214
8522416
9181708
4110121
6530305
7345443
6501513
3121210
2110100
6240302
5411440
7246554
8325475
7416254
4222320
8374246
9166145
3200002
4100300
4103033
4323212
8474344
8453630
9160474
9265646
7422422
9177554
3112211
3101110
2101001
3221212
6112550
8156757
5442202
4132032
7326506
2110111
4112222
7633613
7650022
2101001
4210200
3122012
9165511
3220010
4230221
9167015
5233232
5140204
6130412
5423302
4222232
3220002
9168703
4133102
5412214
7114052
2100100
7343302
8357046
4221231
3221010
7405143
2111001
4321110
4310213
9113621
9118863
3222020
8133527
3120222
9145144
3200201
9177113
8367464
7621434
9124871
7616601
8562523
5132201
8411773
6411522
3202212
6530013
4110010
7652061
8564146
3112212
9136581
8371674
8257564
5424120
5312133
7206005
8306164
5221342
3200122
3100121
7102444
2111010
9134018
5210040
5110013
9143304
4220012
6104450
4311030
2110101
2101100
9154335
2101000
9217251
9254575
3201012
8147540
3122112
6405222
9273506
4322330
3120002
7425425
9228770
6314215
4313103
5231010
4112033
9286160
8452023
4231201
4132223
7263034
9273407
4101321
2101011
2111110
7543346
5100132
2111001
8217126
2111011
7663656
9153554
7660362
9126635
7366452
5230102
9265670
3121201
8435313
7111306
9106045
4301323
9174701
6141231
7620263
3212221
3110022
4102323
8706770
3102101
7260050
6135300
9286177
7541166
5130121
7555334
5333402
2101010
6405421
5232220
4311201
7364321
6515021
7536523
6240530
5403230
4123122
5213020
9250621
5210423
4213133
8334588
7521512
8227167
7124350
6153240
3210110
3100202
9155821
7316554
5341433
5314021
3112220
2101010
4130323
4212113
2101011
4102031
4313312
4331021
8750054
8263514
7142050
8130611
8464707
3111122
8125437
4333321
7503631
2100100
5204132
3112011
9121775
8107401
5244413
5124211
2110111
9183768
3211201
4212221
6545102
3210120
2100111
8566625
2100101
7532204
8203400
8537243
4312221
2101101
7562655
3122221
9238717
9105686
2111010
7514226
6452350
6231514
5220422
8707617
8773632
5241212
8122301
3220100
7214042
3102000
4301310
4133031
8730225
7531425
6553313
2101100
2110100
4212303
2111100
3201010
5212334
7624506
3110100
4131102
9162551
7204442
8162417
2100111
3220002
4212120
2101011
6553243
7335531
4223132
7453066
7230513
5211042
8717714
6321021
6544043
2100011
4313110
5421143
2110111
2111100
6102432
9108323
5440331
3101120
6132040
4231002
6252140
4321130
8777772
6232022
4233103
8634106
7251045
4103003
3120202
3201001
3220002
6430512
2111010
2100101
6213303
5432144
2101000
4230330
2110001
5211402
4120132
6255145
6203525
3210102
8763270
9207037
7545600
8650173
4233031
7125010
7635216
5233302
6515054
4302321
5132141
8665350
5442132
2101000
6413404
5240321
3121120
5342143
3212221
8555560
6453320
8225256
4212112
9111335
9182243
7653063
4201332
8547665
5143103
7403105
6353404
4131223
4310202
3101022
7113401
7133262
8430026
8552414
5440032
4113313
8521545
3222020
7654164
3122020
4203020
9153720
5132231
3221111
2100101
6511500
2100011
9222043
8506350
2100011
8240255
8415635
3112021
9175526
4303212
9112801
8376143
9133326
2111000
5331412
2111011
2111000
3100212
8630044
5110043
8765200
5323440
9266773
9184574
4122223
2111000
7341165
2101110
4232330
5203412
5111443
6514425
8414137
9125233
9157760
6404354
7216146
2101100
9188650
2100100
8411112
9210100
7354142
7301401
5121344
3221201
7534623
3122112
4331300
2100001
6154340
3122010
8262441
7134564
4130230
3200210
7226254
7564223
5224121
7361326
5423420
4101201
4220230
8560133
9170372
6221330
9113510
2100011
7603156
3202022
5342443
4212102
5240220
3200101
3101222
8300576
9142317
8757226
9138285
5323132
3121101
5400432
7142300
2110000
6402051
4200132
6445125
4330001
5101134
5221402
5102043
2110110
3222211
4201010
8107401
8602303
3100101
3121012
9108111
2110000
9262752
2110001
3101010
2101011
9220666
3222202
4310031
4333133
6542245
9173626
3212011
8231716
5431040
2110110
3200010
9141021
3222120
3101222
7501446
5441410
4213223
4123330
6102124
4110001
6341422
5334441
8373307
5133304
5323104
8132034
8170665
6244523
7116214
7340043
4300120
4321300
2101100
8641200
3122211
3102222
5142133
7256420
7364116
6505522
4110320
3200102
3102010
9243183
8157350
5221202
6441115
6320124
6142114
5134423
8274132
6550025
6211523
6325511
4230300
9186854
7513202
4131210
7602010
8704062
8731021
3101101
8423440
9153327
2110011
2100110
8512233
4202013
4211201
9131066
3111100
5334241
7522535
8567115
7411603
2100001
3121020
8276342
4230320
6332505
9150745
7514263
5233014
6123152
3112201
7141052
5442102
2110110
8427066
7666535
6445001
7253524
4231100
5133003
6433224
3101202
7403242
2110010
2101101
9138326
5401143
7622333
7135566
6114010
6440231
7565231
6143221
4202020
6412103
6244540
8754263
7513410
7406630
2111000
2111110
4223320
5403204
8340665
3212112
9103210
2100000
9271180
3211010
2111010
3110212
5431202
6233204
8303172
3112011
7162234
9151356
8271221
6153020
9164620
4302210
9185574
9185683
2111010
9252545
7522422
8370617
7620300
3102111
7253002
7362543
7142331
2110111
2100100
4121033
2101110
5332014
6510155
4333233
3121221
9131851
2111111
6100451
3211000
9123678
9187055
5140124
9175478
7364445
2100111
9266153
8110024
2111111
6222100
8360163
9151870
7144604
2111001
8146470
9256503
4321331
7414625
8720145
4230232
3221221
7640651
8374333
4232100
4130133
9218580
6341222
3202221
6500145
7660632
3211212
8577715
7642464
6423503
5342433
8100337
9217105
7652645
5444224
3211000
8731244
5231242
3100001
2110011
9123660
7601555
8515716
6313402
4212030
7265645
4231112
4331222
5221043
2111011
2110010
6341545
7502161
9203013
8260036
4200033
3100101
9214247
3102121
3210010
7552135
7463404
2100111
5230244
2101010
6450214
2111000
3112210
6145033
5402243
2110010
7464620
6432350
4300233
7244020
6111353
3100220
6233430
2110010
4122023
9107765
4212112
8617003
9107803
7522625
8714364
3201010
3101012
7452046
7666243
6230525
5322104
2110101
4123111
6515531
7341421
7343363
9216550
8717412
6441021
6242212
8257254
5111103
7354455
7122165
2110010
5212002
7565251
8403733
6334110
2100100
6423515
7226644
5112430
3200021
3212001
4122323
4312233
5303443
2100010
3222012
2111110
5212140
4323102
8432715
4103101
8223401
7430020
3110121
6255015
6441101
7265133
5333211
4313213
4131033
3202111
4130031
8247011
2110100
3101200
4100333
5301033
4132011
9115236
6214243
4103323
4220010
7412316
5303032
6243532
7124335
8131517
6155045
2110100
6541222
2100100
8120242
8215557
8313641
4312233
4121112
6413235
6535214
3110102
6411232
2111101
8204214
2110011
4231331
8432102
6444111
9276618
6254542
4323213
8130510
6222512
7130200
3200020
9163526
2111101
3202101
6431031
9126651
6221303
9107600
7112134
3120000
7130012
2110110
8743305
7150235
6410124
2111100
9104400
8261443
4231210
7606054
9220455
7424053
4232233
8372317
8516513
9230142
2110101
7365303
3221202
6211043
3122101
9147636
8441105
4312200
6210351
5334403
3212122
4203330
