615
197195
621
28244
97493
59
1309
26911
9150
1568
205494
82107
13596
67224
549
1637
24177
43
172029
21573
511
85142
62203
113247
3872
21170
34213
5461
120135
6168
45
68541
32
684
2790
127599
33
492
1488
106893
25148
360
54
313
335
86143
2514
379
19413
18579
282
138922
39648
234582
58
623
40794
719
153247
618
3507
123160
60605
56
73589
175196
1804
87235
12430
135959
115013
42192
210649
37
181141
81322
57027
1092
66838
27343
592
47
100897
3717
36263
41
77954
95677
462
300
76530
110657
5062
175060
594
42747
60
107108
304
8039
145618
3895
3792
138768
227314
86747
428
653
136960
61532
59
63
26534
44
24593
184607
268
692
30540
45
2896
89988
4069
6889
76217
44580
47162
3916
7742
54551
67289
56003
2456
570
1823
104428
96448
48962
335
79888
92087
112704
41255
44
21938
90671
182871
11687
382
14857
35465
198447
222422
30386
34352
167360
2028
59629
610
9434
173326
112841
1305
42881
61967
39285
453
52
20846
13370
45560
109373
71824
2744
129190
102911
488
1072
1231
3814
162020
153496
98806
161637
72928
110533
400
282
41
698
9714
56815
15302
1934
57532
55
1450
109378
112863
41
2336
464
102475
651
2857
103532
8567
5679
11816
14202
2734
650
104817
2002
13434
20617
36
61203
122406
2669
678
69023
57
3668
3367
68302
72147
708
46935
431
89059
505
110172
126772
106208
75799
105596
189779
5301
136187
32810
563
42777
1284
113576
190566
401
83584
127932
89972
14285
10293
35677
101492
7722
503
259
17721
58
81665
6895
3758
87727
2566
8814
3404
53
44
95045
40
129970
154292
518
53088
473
32270
166623
3772
407
73960
137682
25571
3539
8255
1423
175095
152595
2913
1963
49074
166543
1145
43
62
94849
3167
57
73302
59
116612
94495
115439
77063
67118
8152
161658
451
146123
19704
63464
3195
108460
13267
105787
646
332
1211
232952
307
48055
12852
175111
94079
5036
97927
11727
42
32341
8435
3425
66361
41269
93558
20934
12940
1754
7260
151408
6988
2527
113032
89434
77431
23163
15000
579
263
96166
55164
12118
10511
402
42
1851
2455
43
1165
3574
3913
249900
91980
27132
45449
158151
368
43807
4089
85380
36
6792
382
73535
36609
9358
4931
55
114353
613
2473
45182
582
39
191893
37
92026
67328
179875
3497
45
99461
484
144196
63258
58
87926
38154
19846
7612
233359
259994
8932
42177
657
37417
297
3188
1997
241813
91796
46125
44
52
2483
60
516
7219
107267
333
1874
100324
35212
58639
39
650
2456
43
46107
59606
2782
80310
41072
7022
237516
26149
44955
35
3540
13923
55
60
8372
65145
15091
285
12120
2882
22524
3676
262138
19886
3027
211014
45995
1219
425
514
650
35180
58
37
17607
14674
40
2876
49
7102
1566
23177
16397
578
255672
123235
95648
217211
3021
23331
109871
8577
41290
3257
5296
223976
15292
40
33196
8836
447
12173
646
187248
38352
76462
2454
66614
113196
113921
2174
184245
6028
68311
30604
1899
3362
278
20434
25181
143382
185612
15017
1527
172901
708
114314
465
2248
94626
5316
688
37
40572
35
132717
167144
35
82093
138141
385
109050
3302
67717
130147
81186
56
11482
59
56
266
208932
3773
256640
11120
162471
114925
1707
56
60464
46
3004
6732
3998
41201
137311
76008
97578
32110
38156
44
117900
36
135754
124740
63877
50961
4599
694
92921
473
3952
33
15252
462
91425
25673
1836
507
40611
99928
8036
65337
14235
1121
2604
188507
105284
18486
68211
35
101961
548
12248
2450
8810
496
296
98686
87010
253590
84803
11042
442
12617
27244
48
31567
2078
37421
3841
3294
7727
3398
54
724
2116
36609
197827
253
437
64972
48
159536
49
273
43
131766
722
3341
4063
44597
107673
625
78798
14520
54
489
86041
717
296
84608
15230
2539
1788
8260
1281
28886
11871
128711
5454
11029
46108
61877
21795
21375
60056
3096
3696
44
213632
481
323
5918
47887
66261
40154
1336
497
300
146685
57064
7677
36551
25972
13438
5613
96346
45377
17259
27187
2864
116608
87565
1892
101535
231474
242193
280
141088
94309
51
38
169115
2183
2401
79521
360
11821
89794
192077
70269
33
438
97506
2872
27833
92462
87951
8509
11084
397
26791
15277
54
142902
117577
37369
46911
2896
5378
35728
290
68385
50
45
84831
12673
106501
26018
9942
36379
100276
13693
2184
32871
21804
252083
87668
69601
56
62
2808
12929
115125
635
61407
32
164907
597
58
347
14552
20164
99962
382
32022
92877
94865
14916
101835
3236
115654
115743
58
152807
89735
127375
105791
310
46650
65789
27266
55
36
1615
46
11509
40247
4079
457
80155
63
7951
594
74915
116690
5664
109016
66428
39
161967
36884
63
18612
122995
93294
28081
57
52536
155685
3709
71314
237669
2862
700
110776
129243
2960
1823
130968
28814
565
38945
115565
617
196557
111374
34527
12243
32991
129848
113860
15564
594
242340
8322
244
51
74898
101470
170958
25418
2444
50062
2902
3946
7648
59
50
28937
84813
120297
90142
2063
253
127780
313
570
96801
82863
39
8199
42
37666
56
399
14061
12823
50
83314
35562
3119
44604
9429
267
20250
50
1675
64778
2454
204291
64803
89836
235764
516
275
79953
117435
19637
10904
53
1749
41455
60579
61246
129483
237322
36517
21248
89772
3903
64034
22391
50
7127
100290
133083
28122
36
34535
40800
4115
493
622
1723
3503
9873
34
707
62
7170
3794
144845
1233
75521
74445
340
23123
36541
49808
11681
3559
1871
553
1805
85513
52
288
1087
9518
1925
69450
17811
1275
2564
70475
9767
21584
23154
45903
15365
52
44366
36
41122
72559
104353
3503
1622
33143
43930
335
32708
61
67724
51
2941
144450
37195
168902
23102
3815
45384
18764
24108
492
101031
61
550
35227
77077
18471
64638
19968
405
24019
54
247493
28936
32452
60
62289
90915
2916
102939
131594
73440
2991
128207
171339
137900
53
66692
695
17091
469
90915
148037
3488
16987
11853
638
2300
